lr = 0.001
1	31.05600357055664
2	16.759796142578125
3	13.917174339294434
4	12.526546478271484
5	11.77741527557373
6	11.368964195251465
7	11.002508163452148
8	10.7715482711792
9	10.42054557800293
10	10.285964012145996
lr=0.0005
11	7.339383602142334
12	6.553825855255127
13	6.271328926086426
14	5.975862979888916
15	5.861983776092529
lr=0.0001
16	3.7525107860565186   10.99
17	3.183068037033081
18	2.9131391048431396
19	2.7396113872528076
20	2.6082370281219482  10.92
21	2.50999116897583    10.9097       22	2.4186718463897705  11.136       23   2.3        12.138
lr=0.00005
24	2.2163774967193604  10.67         25	2.077877998352051   10.703        26	1.9969052076339722  10.825
lr=0.00001
27	1.9866423606872559  10.61
28	1.9237343072891235  10.5734     29	1.8767327070236206  10.617       30	1.8445286750793457  10.67
lr=0.000005
31	1.8732569217681885  10.6080
32	1.8502243757247925
